1548881684026158810,0.0,0.0,1.0,-0.707106781,0.0,0.0,0.707106781
1548881686726515055,-0.008791185,-0.206397744,1.003516063,-0.688140956,-0.004031097,-0.005813868,0.725542538
1548881687126879930,-0.009170306,-0.390480788,1.003590128,-0.669231391,-0.003520101,-0.007327239,0.7430096
1548881687960323095,-0.018305004,-0.66623293,0.995890487,-0.680576789,-0.015522954,-0.006829784,0.732480462
1548881689826532841,-0.019589096,-1.187938817,1.015058328,-0.729119174,-0.074370939,0.035512004,0.679406426
1548881691460081816,0.043138986,-1.697888711,1.0606641,-0.728099156,-0.046291067,-0.000211029,0.683906946
1548881692327210903,0.072056703,-2.019468934,1.091023963,-0.728179489,-0.033442184,-0.005140293,0.684550823
1548881693294004917,0.081088447,-2.362399599,1.125359983,-0.734125858,-0.026169933,-0.015528431,0.678331207
1548881694127764940,0.10143413,-2.64314968,1.157981999,-0.74348037,-0.008328636,-0.016622513,0.668499263
1548881694794806004,0.131061413,-2.913288574,1.197709478,-0.732518312,0.007647701,-0.005528155,0.680681919
1548881695494897842,0.163483344,-3.19108986,1.237176885,-0.724568676,0.024483555,0.007102067,0.688730971
1548881696662039042,0.167386218,-3.633753853,1.269752309,-0.719123122,0.024201372,0.016251139,0.694270934
1548881698061969995,0.173079947,-4.129560022,1.301800647,-0.726782329,0.02660331,0.010313131,0.686274981
1548881699395200014,0.166837645,-4.633671122,1.339856409,-0.725861711,0.013624506,0.013976927,0.687563666
1548881700761738062,0.171825876,-5.143377594,1.371210233,-0.715053748,0.021356643,0.01632968,0.698552341
1548881702161921978,0.204404477,-5.642332857,1.399358484,-0.723769339,-0.015686483,0.057394321,0.687472014
1548881703495430946,0.270805904,-6.132960269,1.431517659,-0.719851274,-0.028623008,0.065107892,0.690475075
1548881704728585958,0.319595861,-6.64244401,1.45831434,-0.705754254,-0.002929221,0.031703438,0.707740944
1548881706195446014,0.345557824,-7.169468357,1.480280948,-0.720716697,0.004610058,0.024819655,0.692769929
1548881707528578997,0.357152196,-7.663329741,1.516081544,-0.723762659,0.007325406,0.01222348,0.689901833
1548881708895011187,0.365673708,-8.165199506,1.550526628,-0.721669038,-0.006310386,0.018657464,0.691958002
1548881710228060961,0.390355622,-8.671011479,1.580759964,-0.717396333,-0.004725485,0.005018263,0.696631171
1548881711660515785,0.367390936,-9.1723284,1.615757921,-0.724983404,0.028903937,-0.043750233,0.68676746
1548881713093419075,0.316613675,-9.676728605,1.654555825,-0.729921546,0.036848842,-0.04300122,0.681181029
1548881714393589973,0.262299008,-10.173524871,1.698949066,-0.724638407,0.014003654,-0.02512724,0.688528648
1548881715660423994,0.209728144,-10.673790151,1.73188112,-0.71001918,-0.005765487,-0.033770073,0.703348495
1548881716927257776,0.189649332,-11.169930383,1.745530858,-0.701515761,-0.008448158,-0.032075216,0.711881623
1548881718394735813,0.159373083,-11.670616886,1.768735407,-0.720941213,-0.012317062,-0.036926091,0.691902104
1548881719795481205,0.137164164,-12.1778766,1.80477718,-0.727554965,-0.017436557,-0.038046266,0.684771656
1548881721096158981,0.127589537,-12.676452257,1.844063043,-0.724175349,-0.039951602,-0.014023206,0.688314814
1548881722296316862,0.145282607,-13.184456412,1.865827528,-0.700757516,-0.043603338,-0.007978412,0.712021065
1548881723596488953,0.184447894,-13.683533552,1.872391193,-0.696354883,-0.039213628,0.003321478,0.716617845
1548881724963334799,0.222217796,-14.180562894,1.879482239,-0.703000906,-0.029949228,0.007338723,0.710520171
1548881726363979101,0.243638256,-14.677581361,1.893155144,-0.713487726,-0.009421139,-0.009798944,0.700535858
1548881727630811930,0.228382538,-15.170391669,1.913261587,-0.706810528,-0.016015568,-0.015510449,0.707051486
1548881729064334154,0.230022417,-15.67142578,1.939211294,-0.727017602,-0.016013009,-0.013399465,0.686301278
1548881730331167936,0.25638436,-16.170372719,1.982962364,-0.715065303,-0.002426656,-0.001312288,0.699052216
1548881731664217949,0.26059398,-16.66427329,2.005482248,-0.71596239,0.004630454,-0.003196493,0.698116178
1548881732964388847,0.254496421,-17.164852545,2.027196338,-0.710299103,0.005281811,-0.002676242,0.703875078
1548881734297898054,0.238563938,-17.664568918,2.047035212,-0.711063218,-4.1647e-05,-0.006269708,0.703100128
1548881735531394005,0.230462185,-18.151609475,2.060373079,-0.699690855,-0.016400854,-0.001897786,0.714254939
1548881736931578875,0.247288334,-18.645647967,2.070289486,-0.712642536,-0.021477572,0.005362137,0.701177993
1548881738231749773,0.272990526,-19.126340492,2.092159453,-0.714991563,-0.01876312,0.007323135,0.698842888
1548881739299015999,0.272862733,-19.522749298,2.116144255,-0.716334927,-0.020325304,-0.005598771,0.697438032
1548881740432914019,0.283420792,-19.935468381,2.140860396,-0.721163566,-0.01942226,-0.003964165,0.692481171
1548881741766422987,0.301564249,-20.446189799,2.171923708,-0.718123796,-0.010314811,-0.004644411,0.695823432
1548881742932827950,0.288205489,-20.893794673,2.196226981,-0.714052995,-0.016869754,-0.011984415,0.699785756
1548881744065851927,0.285196893,-21.347392531,2.209935945,-0.704619294,-0.01641591,-0.014988707,0.709237272
1548881745232671976,0.265729431,-21.801445338,2.215445843,-0.695649156,-0.030943613,-0.02168586,0.717387251
1548881746599519014,0.278415116,-22.303112216,2.218916627,-0.702981226,-0.031072579,-0.0161235,0.71034634
1548881747933027744,0.292337225,-22.806719549,2.228349723,-0.704145971,-0.023794502,-0.017652312,0.709436868
1548881749266536951,0.326204885,-23.314881101,2.243623338,-0.699330202,-0.011802001,-0.003434859,0.714693069
1548881749933290958,0.340523707,-23.568174274,2.251602189,-0.697361525,-0.011474959,0.007637434,0.716586979
1548881750733397007,0.341943972,-23.855577218,2.249777745,-0.706381957,-0.015651876,0.007517253,0.707617863
1548881751400609970,0.358759306,-24.106670529,2.25609995,-0.702276497,-0.012356293,0.008951757,0.71174076
1548881752267390966,0.366984342,-24.414500709,2.262807403,-0.710242817,-0.015674733,0.008939333,0.703725466
1548881753467548847,0.385046444,-24.854982534,2.274792156,-0.712041639,-0.024422533,0.016533176,0.701517568
1548881754767261028,0.404657396,-25.353196419,2.29704127,-0.707317928,-0.056485983,0.037961231,0.703611844
1548881755600704908,0.435847911,-25.654685783,2.303551243,-0.703073417,-0.095832499,0.095697058,0.698101694
1548881757400434971,0.50191417,-25.850803341,2.321570995,-0.69612144,-0.055758924,0.052278315,0.713843724
1548881759267346859,0.572723479,-26.247116776,2.333777463,-0.719006924,-0.065409886,0.060705407,0.689249914
1548881760501409054,0.645081555,-26.634218492,2.357951363,-0.720014293,-0.044618977,0.034848298,0.69164598
1548881761935384989,0.70287024,-27.12791527,2.387604225,-0.715776887,-0.029675536,0.024844691,0.697255729
1548881763466722012,0.720347207,-27.636870097,2.413347199,-0.713123601,-0.03477811,0.011829955,0.700075185
1548881773499939919,0.748190877,-28.059246282,2.430343424,-0.705877747,-0.032728548,0.008879441,0.707521451
1548881781304863930,0.832319502,-28.11117481,2.433633772,-0.684467611,0.14584509,-0.177773993,0.691830692
1548881783007987976,0.872562391,-28.221205155,2.438487511,-0.618399877,0.281369066,-0.314393884,0.663000397
1548881785608469009,0.755178586,-28.378234383,2.435838074,-0.528970837,0.433303571,-0.47165334,0.55675937
1548881787741837978,0.680028316,-28.475928475,2.433752602,0.397468923,-0.562060354,0.593280582,-0.417282596
1548881790908148050,0.828838713,-28.633488844,2.444392614,0.271378396,-0.613193217,0.681965878,-0.292010937
1548881793740528822,0.963125415,-28.881542061,2.453769618,0.174810569,-0.658394799,0.701288108,-0.210125065
1548881797939907074,1.110597014,-29.23606999,2.470722783,0.127259733,-0.666240092,0.716931955,-0.161051771
1548881803073440075,1.307290161,-29.677796131,2.4921502,0.117640173,-0.67251967,0.717496377,-0.138119629
1548881808039653778,1.426290325,-30.135604602,2.504281266,0.086215974,-0.682707246,0.718389842,-0.101949287
1548881818074308872,1.497120484,-30.415665345,2.518384655,0.080466517,-0.678927389,0.722888704,-0.100073282
1548881825541960001,1.628474974,-30.841140991,2.542092335,0.095848642,-0.66905367,0.728625896,-0.110835589
1548881830109228134,1.777996882,-31.316179717,2.562139701,0.101503849,-0.678174573,0.719616607,-0.109216093
1548881831976720810,1.920898719,-31.773884486,2.58157011,0.099798037,-0.675688777,0.72227224,-0.108663885
1548881833411246777,2.01710976,-32.190759715,2.598095611,0.07210459,-0.673501197,0.72877129,-0.100446365
1548881834545550823,2.08745412,-32.584238598,2.605810883,0.061273257,-0.688069527,0.715913724,-0.10135805
1548881835645695925,2.19869998,-32.905016834,2.624670114,0.099118692,-0.667070981,0.726064554,-0.134246246
1548881836512035131,2.332543314,-33.182622817,2.638418526,0.124662247,-0.664820711,0.721839872,-0.146355544
1548881837578404903,2.51268887,-33.562025408,2.655439937,0.135872234,-0.670926059,0.716851263,-0.132367768
1548881838644728899,2.663777303,-33.93002106,2.670940319,0.130748335,-0.667777499,0.72231985,-0.123418472
1548881839911031008,2.804672523,-34.376458392,2.688514983,0.117810892,-0.662028269,0.727080343,-0.138540029
1548881841244539976,2.981460689,-34.85523732,2.720881801,0.114222311,-0.668253657,0.723010249,-0.132840106
1548881842344685078,3.13148542,-35.272774323,2.741154969,0.111407714,-0.679290177,0.713881486,-0.128555047
1548881843644855976,3.305605761,-35.718340182,2.756054498,0.133186255,-0.667219562,0.716487805,-0.154028252
1548881844844424963,3.536926631,-36.126151762,2.769263768,0.163060529,-0.668386181,0.707960521,-0.159571544
1548881846009877920,3.729848269,-36.514072354,2.785168644,0.171854167,-0.661422156,0.708488712,-0.176155106
1548881847310049057,4.02343976,-36.935684706,2.796006266,0.215944823,-0.655636192,0.688638235,-0.222005402
1548881848710232973,4.320208193,-37.356210315,2.812971461,0.204615552,-0.6539113,0.696875063,-0.211890619
1548881850143756151,4.574077987,-37.802502625,2.830756298,0.175154488,-0.655337708,0.708005996,-0.196420221
1548881851477264881,4.832853991,-38.243606696,2.853957361,0.181118688,-0.656541327,0.703818255,-0.201963784
1548881852776643038,5.10450524,-38.672151299,2.863878787,0.188865337,-0.663442161,0.698110734,-0.191874403
1548881854176826954,5.353231709,-39.113485798,2.879499669,0.179998457,-0.654703117,0.705023544,-0.204710005
1548881855476123810,5.602790458,-39.549687403,2.899332185,0.176921288,-0.657920066,0.699592772,-0.215429796
1548881856842969894,5.864339594,-39.977013479,2.926836735,0.17299555,-0.652427381,0.704706765,-0.218630801
1548881858176478863,6.127454797,-40.409833649,2.955596991,0.170367315,-0.654619209,0.701752604,-0.223588803
1548881859576663971,6.399207123,-40.841878538,2.991329639,0.166844008,-0.649848107,0.706504337,-0.225193553
1548881860911840916,6.67071669,-41.261624445,3.029438728,0.182269155,-0.64447392,0.702334863,-0.241157752
1548881862214174986,7.007804299,-41.642830067,3.053613271,0.221014241,-0.642355466,0.691940817,-0.244438266
1548881863547683954,7.329249676,-42.03496518,3.077604954,0.229520268,-0.643605531,0.687138082,-0.246847371
1548881864747842073,7.606640525,-42.361807664,3.103796441,0.229705569,-0.632069833,0.697301621,-0.247978882
1548881865647961140,7.790934746,-42.664755262,3.107855563,0.212325914,-0.644355939,0.683313208,-0.269826222
1548881866781443119,8.053153637,-43.011559669,3.117686763,0.213933786,-0.645825801,0.671287517,-0.294133369
1548881868048789978,8.41638141,-43.373797374,3.129406157,0.232846329,-0.655262618,0.659347553,-0.285787147
1548881869315622807,8.722202049,-43.700679214,3.142451019,0.229666626,-0.643657682,0.668566285,-0.293218607
1548881870649132013,9.078776303,-44.027054233,3.155444562,0.234455501,-0.636783879,0.683514297,-0.268970472
1548881871982640982,9.403498151,-44.417503971,3.175831259,0.213473978,-0.651803211,0.684815837,-0.246188353
1548881877149988890,9.690763148,-44.839599414,3.185909002,0.196335216,-0.670355982,0.67991835,-0.223128612
1548881879450291872,9.980713376,-45.24948673,3.202747383,0.191850144,-0.649477002,0.6998551,-0.227103468
1548881881250529051,10.27457763,-45.605709136,3.222514996,0.213355269,-0.644342191,0.698253024,-0.227476119
