1403715273.262142897 0.000000000 0.000000000 1.000000000 -0.707106781 0.000000000 0.000000000 0.707106781
1403715281.412142992 -0.078263461 0.242228832 1.470680119 -0.688681623 0.154062681 -0.064933551 0.705525298
1403715282.362143040 -0.077939268 0.495894398 1.515772033 -0.642489992 0.380900246 -0.170045658 0.642811082
1403715283.462142944 -0.044405702 0.913423244 1.526181056 -0.528576998 0.591095901 -0.254581647 0.553534262
1403715286.912142992 0.383271742 0.874058486 1.833544360 -0.443721031 0.716794726 -0.317163340 0.434424198
1403715288.812143087 0.794327954 0.568143562 1.913624905 -0.311172356 0.816161675 -0.367306235 0.319590386
1403715290.912142992 1.143821080 0.367683900 1.591401630 -0.259582577 0.853947190 -0.373035447 0.253447504
1403715292.162142992 1.430568019 0.020147334 1.349711999 -0.215294822 0.879330389 -0.375809625 0.197973057
1403715293.112143040 1.694870957 -0.332586990 1.211953444 -0.376996126 0.770931947 -0.351476160 0.374168896
1403715294.312143087 1.946085890 -0.658113719 1.375641018 -0.505221337 0.618971440 -0.277765933 0.533359019
1403715295.462142944 1.948087939 -0.799095993 1.073508747 -0.618435467 0.415180298 -0.183784455 0.641393925
1403715297.212143183 1.966474485 -1.072647665 0.746130989 -0.695186415 0.207399526 -0.071874909 0.684496371
1403715298.362143040 2.483972907 -0.960245863 0.685283202 -0.673162047 -0.048188269 -0.014982660 0.737771150
1403715300.012143135 2.354029549 -0.859544692 0.842844056 -0.663488374 -0.268787896 0.135280575 0.685007599
1403715303.762142897 2.324712330 -1.252759513 0.560956245 -0.591498976 -0.456808394 0.206102901 0.631645982
1403715307.662142992 2.666826565 -1.512945800 0.746661348 -0.673764331 -0.239298101 0.095218744 0.692612038
1403715310.312143087 3.069176035 -1.199107570 0.721117510 -0.664847542 -0.074210368 0.048365282 0.741708411
1403715311.612143040 3.568691397 -1.219148970 0.749677465 -0.702652833 0.003383430 -0.000924160 0.711524205
1403715312.662142992 3.993305664 -0.959396187 0.900904994 -0.688323017 0.024028923 -0.016159647 0.724826118
1403715315.662142992 3.805760401 -0.894933996 1.182438473 -0.677402148 0.180615273 -0.087786791 0.707670779
1403715317.112143040 3.571554684 -0.738772430 1.072091692 -0.616754565 0.419017472 -0.202145772 0.634960827
1403715318.062143087 3.428875113 -0.446211106 1.024795807 -0.496791238 0.628972585 -0.262954669 0.537072431
1403715319.612143040 3.678991287 -0.546492258 0.834110845 -0.387784997 0.767473107 -0.353597174 0.368207638
1403715320.412142992 4.157975613 -0.535115387 1.040278548 -0.303663693 0.815021283 -0.385873364 0.307620572
1403715322.562143087 3.885962892 -0.690065324 1.203104650 -0.147819195 0.903857962 -0.382455345 0.122139998
1403715323.362143040 3.566822523 -1.019341040 0.999614063 -0.147353255 0.904825492 -0.387853370 0.095643138
1403715327.312143087 3.091170059 -1.183503450 1.051696611 -0.098061952 0.906554651 -0.391697780 0.122944573
1403715328.312143087 2.580702326 -1.207331862 0.970194547 -0.191385675 0.874325932 -0.411590429 0.171810961
1403715331.012143135 2.211705036 -0.979769820 0.909653833 -0.329165706 0.797166120 -0.340468427 0.374509499
1403715332.662142992 2.066293581 -1.440350063 1.061587526 -0.399890535 0.755005929 -0.303583092 0.421771162
1403715333.712143183 2.046496422 -1.918891481 0.877472841 -0.424413872 0.711063011 -0.328248971 0.454439076
1403715334.812143087 1.889508021 -2.374283884 0.680819057 -0.469486690 0.684228598 -0.294012439 0.474310193
1403715335.962142944 2.000278587 -2.821929936 0.471169424 -0.502118722 0.640422066 -0.275141157 0.511892284
1403715337.312143087 2.257961357 -3.224341672 0.317220693 -0.530097362 0.606615638 -0.260562968 0.532091340
1403715338.562143087 2.688808624 -3.532422053 0.278677731 -0.544216707 0.562525257 -0.231726623 0.577664508
1403715339.662142992 3.106827728 -3.828144908 0.156200471 -0.587698169 0.496565989 -0.216113913 0.601105529
1403715341.362143040 3.565437627 -3.630764415 0.299881035 -0.624658904 0.386731177 -0.165935658 0.657803624
1403715342.862143040 3.893414251 -3.282766292 0.502500308 -0.662948357 0.310243091 -0.150610081 0.664503802
1403715343.862143040 4.074231377 -2.820479995 0.637083194 -0.661654038 0.292867983 -0.145096123 0.674825454
1403715344.762142897 4.046831943 -2.325842687 0.799155684 -0.669852410 0.205959317 -0.140634748 0.699357116
1403715345.462142944 3.669191886 -1.958161630 0.904831227 -0.665926137 0.214901871 -0.106685069 0.706383651
1403715346.112143040 3.220954550 -1.693383534 0.961792735 -0.689629291 0.220316050 -0.090646307 0.683853440
1403715346.812143087 2.808072303 -1.406251836 1.084115635 -0.660073275 0.243534727 -0.093941149 0.704392766
1403715347.762142897 2.403765119 -1.159778234 1.220119920 -0.671309990 0.156559257 -0.084824443 0.719469881
1403715349.812143087 2.303684235 -0.733249215 1.073331265 -0.677378986 -0.070217850 0.042359909 0.731049110
1403715352.312143087 2.021462994 -0.298484698 1.078961182 -0.670040351 -0.211111477 0.109619853 0.703179466
1403715353.812143087 1.590528386 -0.101638410 1.267540852 -0.651105257 -0.250522024 0.109945683 0.707963704
1403715356.762142897 1.251867515 0.131722874 1.570179049 -0.636834542 -0.375428728 0.164220744 0.653090028
1403715357.962142944 0.805904400 0.316031979 1.762184870 -0.561322969 -0.505078648 0.189580587 0.627591655
1403715358.812143087 0.263986767 0.282095046 1.746389486 -0.545410020 -0.526591893 0.233422411 0.608886578
1403715359.712143183 -0.223668382 0.164463066 1.624750725 -0.526889840 -0.540282937 0.243124246 0.609403024
1403715361.212143183 -0.511708797 -0.161195485 1.590123842 -0.625433404 -0.368151496 0.164180288 0.668088592
1403715362.362143040 -0.722013486 -0.144791602 1.567143521 -0.685393159 -0.133614130 0.045422981 0.714367017
1403715363.312143087 -1.080217742 -0.012539165 1.583751738 -0.674872980 0.132719235 0.012845611 0.725787198
1403715364.662142992 -0.820720598 -0.136673770 1.665577216 -0.630435132 0.348610723 -0.114286319 0.684076564
1403715366.312143087 -0.546221274 -0.578104753 1.694282698 -0.544522080 0.542994615 -0.203202859 0.606103251
1403715367.362143040 -0.434629026 -1.058388376 1.518193666 -0.583385049 0.525055256 -0.194205542 0.588441221
1403715368.212143183 -0.030300746 -1.398963562 1.417224807 -0.572412322 0.511826343 -0.205752601 0.606666132
1403715368.912142992 0.351118894 -1.726994396 1.244076441 -0.568595273 0.515124717 -0.217744206 0.603268929
1403715369.662142992 0.699097127 -2.089644084 1.055554405 -0.635348743 0.394029898 -0.159327148 0.644738144
1403715370.512143135 1.146940905 -2.283850968 0.933963332 -0.635970997 0.354595111 -0.139444055 0.671087591
1403715371.462142944 1.657181847 -2.332803421 0.867466241 -0.658939007 0.365881526 -0.141902412 0.641711617
1403715372.162142992 2.180864602 -2.230530326 0.852072665 -0.638911296 0.357347633 -0.140928677 0.666508915
1403715372.862143040 2.715477581 -2.174871508 0.914535024 -0.648608380 0.300450448 -0.123852603 0.688256660
1403715373.562143087 3.218653125 -2.124371817 0.968412034 -0.647360847 0.299515130 -0.124345869 0.689748306
1403715374.712143183 3.701379591 -1.974612381 1.034766517 -0.697993673 0.085651957 -0.037855614 0.709954595
1403715375.762142897 3.842414337 -1.521421053 1.216796576 -0.681857986 0.119555438 -0.049961473 0.719916687
1403715376.962142944 3.700263918 -0.997690942 1.319095619 -0.659991899 0.099796883 -0.059957729 0.742196972
1403715378.062143087 3.196411260 -0.915922964 1.291745669 -0.674838584 0.087380088 -0.032916788 0.732034215
1403715379.062143087 2.698711509 -1.008858891 1.192959096 -0.699387991 0.088911474 -0.020148343 0.708904247
1403715380.112143040 2.221773509 -0.871260838 1.364766939 -0.682777191 0.079232365 -0.049691967 0.724615931
1403715380.862143040 1.710284117 -0.709702714 1.495234944 -0.678994193 0.085811185 -0.037807745 0.728130415
1403715381.612143040 1.190886861 -0.616029711 1.602827045 -0.672482080 0.101729301 -0.035357079 0.732235535
1403715382.412142992 0.655685011 -0.532285101 1.646195004 -0.689558741 0.187809320 -0.073196699 0.695613862
1403715383.162142992 0.202048142 -0.265374690 1.741387885 -0.667201369 0.313795575 -0.111750862 0.666248014
1403715384.062143087 -0.037604018 0.184473245 1.879003102 -0.621514162 0.420422821 -0.158533451 0.641741336
1403715385.112143040 0.004639523 0.462799056 1.976732625 -0.526019207 0.620211027 -0.239644427 0.530294846
1403715387.062143087 0.432528500 0.191538781 1.959053708 -0.488210426 0.647616580 -0.235122160 0.535687330
1403715387.862143040 0.456767934 -0.299972641 1.723955087 -0.524233370 0.631721812 -0.239441798 0.518434714
1403715388.512143135 0.607806909 -0.724370805 1.468167731 -0.524324530 0.616784663 -0.253404489 0.529572122
1403715389.162142992 0.808110814 -1.128905893 1.187973885 -0.526364915 0.607874738 -0.261438317 0.533927229
1403715389.912142992 1.027875761 -1.563762084 1.055250675 -0.543879617 0.581911094 -0.242799386 0.553735405
1403715390.812143087 1.378147895 -1.860381608 0.851832468 -0.631532262 0.433736613 -0.186494041 0.615028068
1403715391.662142992 1.910745953 -1.838707626 0.781961837 -0.638160421 0.389470853 -0.130108756 0.651256818
1403715392.212143183 2.410290729 -1.850128593 0.872950811 -0.660763627 0.338821339 -0.125678952 0.657872579
1403715392.762142897 2.924724898 -1.811599060 1.000698358 -0.652409676 0.241568890 -0.107103018 0.710306293
1403715393.512143135 3.419573986 -1.747242984 1.033957964 -0.679444867 0.041741416 -0.046364605 0.731069525
1403715394.362143040 3.579822044 -1.685046626 1.059448778 -0.664848918 -0.194126612 0.088472650 0.715865466
1403715395.112143040 3.570560390 -1.747712559 1.018943723 -0.597494149 -0.431986693 0.187840217 0.648925490
1403715396.962142944 3.146000420 -1.917518226 0.734159677 -0.494885182 -0.623987522 0.272457590 0.539902853
1403715397.962142944 2.659004887 -1.819280482 0.646448323 -0.492404133 -0.622670900 0.299982313 0.528989349
1403715400.712143183 2.318551912 -2.162817470 0.467540494 -0.574371461 -0.510184028 0.203254863 0.607039655
1403715401.462142944 1.956362121 -2.536687784 0.335396687 -0.634111846 -0.403586468 0.167923704 0.637825807
1403715402.212143183 1.442970787 -2.665585608 0.375621155 -0.604989574 -0.370694901 0.183070414 0.680483746
1403715403.162142992 0.964987505 -2.858432783 0.328527665 -0.658517767 -0.304849722 0.156963026 0.669913133
1403715404.212143183 0.457976096 -2.785915495 0.431880624 -0.683077020 -0.165666525 0.076514339 0.707181691
1403715404.912142992 0.030412798 -2.511834406 0.551697886 -0.673153990 -0.109768177 0.056613590 0.729115597
1403715405.862143040 -0.385886930 -2.219881930 0.597043959 -0.692215478 0.141021811 -0.042954260 0.706474000
1403715406.612143040 -0.549295182 -1.915717586 0.618591120 -0.645919900 0.350679665 -0.111883307 0.668799956
1403715407.312143087 -0.524837066 -1.656081935 0.593889735 -0.608728169 0.489897725 -0.171297600 0.600089466
1403715408.262142897 -0.168893858 -1.259202518 0.816993470 -0.591388361 0.491534579 -0.200077694 0.607142883
1403715409.212143183 0.129487551 -0.868410872 0.996928326 -0.617390493 0.338122425 -0.141146926 0.696117626
1403715411.162142992 0.312617198 -0.567794255 1.253983950 -0.633245759 0.316641351 -0.131175051 0.693924470
1403715414.962142944 0.095343158 -0.426061291 0.974136408 -0.636774208 0.320295826 -0.104689929 0.693519438
1403715415.412142992 0.106146670 -0.375713431 0.905524789 -0.633183523 0.326589108 -0.123421246 0.690786057
1403715415.512143135 0.114243677 -0.373938734 0.894181742 -0.637090053 0.323215807 -0.138136712 0.685978173
1403715415.662142992 0.121724195 -0.371895024 0.878587843 -0.637418747 0.321947783 -0.147059708 0.684412455
1403715415.762142897 0.121977538 -0.368321680 0.867299572 -0.638972877 0.323580167 -0.145685308 0.682484674
1403715415.912142992 0.116144817 -0.368385286 0.873740258 -0.635404863 0.323300096 -0.148308556 0.685377473
1403715416.012143135 0.113550420 -0.365367552 0.871172042 -0.638463395 0.322327232 -0.148277861 0.682995846
