1548809202.882998228 0.000000000 0.000000000 1.000000000 -0.707106781 0.000000000 0.000000000 0.707106781
1548809206.416797161 -0.006104515 -0.508886745 1.015100872 -0.704646159 0.002789353 -0.001078674 0.709552568
1548809207.750306368 -0.014658398 -1.014300070 1.024368167 -0.704888631 -0.015020945 0.015263570 0.708994650
1548809209.117152214 0.004051198 -1.526129791 1.036093495 -0.706177835 -0.021576543 0.019854339 0.707427115
1548809210.483999252 0.021539064 -2.031906143 1.044442450 -0.707289398 -0.003672250 0.002092958 0.706911480
1548809211.784170151 0.017142596 -2.539476926 1.053576788 -0.702110416 -0.002938214 0.000946674 0.712061398
1548809213.150120258 0.011986352 -3.053243322 1.061312087 -0.705007827 -0.000446202 0.000042071 0.709199382
1548809214.483629227 0.001712149 -3.565044016 1.073926880 -0.706083241 -0.000747802 -0.001874873 0.708125965
1548809215.783800364 -0.002915498 -4.069187226 1.083481183 -0.704055170 0.001713880 -0.002196932 0.710139813
1548809217.083972454 -0.019323229 -4.574324445 1.088024733 -0.701399997 -0.000163460 -0.004077494 0.712756194
1548809218.450818300 -0.021550967 -5.077210105 1.097743226 -0.706882236 0.001632566 -0.002838152 0.707323677
1548809219.785130262 -0.027650321 -5.570708099 1.109209169 -0.704028043 0.000411540 -0.004587676 0.710157235
1548809221.085302353 -0.038129671 -6.070869651 1.117846857 -0.703485421 0.002000241 -0.003888135 0.710696238
1548809222.418008327 -0.049369028 -6.569169285 1.128124111 -0.707156911 0.004834537 -0.004394534 0.707026462
1548809223.751517296 -0.053951168 -7.073581360 1.138053612 -0.708498109 -0.012648868 0.013691909 0.705466489
1548809225.085026264 -0.052948462 -7.569956974 1.151730093 -0.705272352 -0.020410078 0.013020024 0.708522983
1548809226.451872349 -0.037434987 -8.067742533 1.164315205 -0.707954032 -0.022319593 0.014346320 0.705759950
1548809227.785381317 -0.015620131 -8.569267914 1.180533609 -0.707936525 -0.022173950 0.015474609 0.705758265
1548809229.118003130 0.008708327 -9.072499766 1.191376149 -0.706744726 -0.019626399 0.016905516 0.706994272
1548809230.451512337 0.025717361 -9.582884941 1.201325150 -0.707667682 -0.019605372 0.015661972 0.706099699
1548809231.751684427 0.049176634 -10.078475523 1.214661758 -0.707023745 -0.010485667 0.010182048 0.707038755
1548809233.084214211 0.044559239 -10.585005271 1.224774047 -0.705942917 0.002279303 -0.003695403 0.708255425
1548809234.451060295 0.032123519 -11.096956243 1.233468013 -0.706919593 0.001062150 -0.003592930 0.707283996
1548809235.784569263 0.017345592 -11.574559085 1.239431119 -0.703532915 -0.024801648 0.023061343 0.709855260
1548809237.120048285 0.068959846 -12.072773699 1.249432377 -0.701835094 -0.056088896 0.057370815 0.707806560
1548809238.486895323 0.138794496 -12.582641965 1.256994379 -0.703198967 -0.046273514 0.046785221 0.707941465
1548809239.818562269 0.186976817 -13.089692239 1.266817790 -0.705819188 -0.027140896 0.033982995 0.707055727
1548809241.151002407 0.221709681 -13.552236967 1.252743223 -0.704222742 -0.013631755 0.017443025 0.709633882
1548809242.484511137 0.234543675 -14.059476194 1.261742059 -0.704051928 -0.011846282 0.015644483 0.709877312
1548809243.816840172 0.242847214 -14.565488443 1.267213182 -0.702840331 -0.001383048 0.003690312 0.711336726
1548809245.150349379 0.242400000 -15.065134886 1.273271379 -0.704033914 -0.000024294 0.003535886 0.710157549
1548809246.450520277 0.239958809 -15.588523820 1.316468868 -0.703239367 0.004044187 0.006185115 0.710914749
1548809247.784029245 0.232217567 -16.091004533 1.326504659 -0.704767447 0.003523767 0.002813675 0.709424071
1548809249.117538214 0.226282965 -16.588423701 1.333983856 -0.704975320 -0.017463312 0.022432560 0.708661845
1548809250.451047421 0.250187888 -17.090063820 1.345534361 -0.706201446 -0.017868167 0.024296292 0.707368317
1548809251.784556389 0.269314845 -17.590431140 1.359328768 -0.705492473 -0.019096722 0.023184191 0.708080630
1548809253.118065357 0.293537429 -18.097419702 1.369659925 -0.706314519 -0.019914603 0.023714656 0.707220492
1548809254.418237209 0.319255314 -18.592688256 1.381336152 -0.706471915 -0.018938918 0.023391728 0.707100826
1548809255.751746416 0.336449963 -19.095768127 1.394647130 -0.709282479 -0.021548582 0.022486897 0.704236014
1548809257.051917315 0.357355519 -19.594158779 1.411533149 -0.705319607 -0.022892619 0.023092603 0.708143285
1548809258.385426283 0.383835600 -20.097453213 1.421566452 -0.704174750 -0.020836948 0.024573665 0.709295339
1548809259.718935251 0.409351711 -20.592448522 1.429502433 -0.705748591 -0.027119096 0.030017759 0.707306450
1548809261.052444458 0.447612264 -21.096021695 1.444480438 -0.706166541 -0.028534297 0.030865287 0.706796961
1548809262.385953188 0.486679531 -21.606877552 1.454991885 -0.704438891 -0.028690498 0.032416653 0.708443269
1548809264.486230373 0.527951982 -22.104150258 1.462472854 -0.703686857 -0.000234606 0.003348781 0.710502313
1548809266.653182268 0.520229226 -22.599613388 1.474017580 -0.707142918 0.008635618 -0.002705350 0.707012730
1548809268.986823082 0.506143548 -23.095550122 1.482350886 -0.703927347 0.006556668 0.000620039 0.710241449
1548809270.820397377 0.497995990 -23.459574855 1.490599218 -0.702490212 -0.013501685 0.021530402 0.711239516
1548809277.988008261 0.475950860 -23.742000882 1.495820809 -0.699724194 0.056632974 -0.044757054 0.710757036
1548809281.358335257 0.428497461 -24.096623165 1.501262364 -0.702214203 0.017504673 -0.003530438 0.711741762
1548809283.992015362 0.420022783 -24.370034168 1.502925176 -0.702853086 0.008876615 0.005288402 0.711259993
1548809286.094762325 0.414189351 -24.660860490 1.506760049 -0.697804681 0.008575002 0.005154567 0.716218212
1548809288.833104372 0.463486142 -25.014030681 1.526271845 -0.709564913 0.031618988 0.024890474 0.703490112
1548809292.500254154 0.429550149 -25.510861551 1.533385553 -0.699887917 0.028165230 0.002425096 0.713693031
1548809297.966558218 0.351388276 -25.738814510 1.529984689 -0.688483385 -0.156782267 0.181224463 0.684520009
1548809300.133174181 0.364217027 -25.876114138 1.535124784 -0.619168845 -0.325167842 0.357489853 0.618948157
1548809302.094399214 0.329232361 -25.946948957 1.541826031 -0.508203890 -0.467907095 0.510207734 0.512327849
1548809303.363952398 0.162973215 -26.010945842 1.541694789 -0.420850183 -0.539948262 0.588749840 0.429784391
1548809305.399698257 -0.258097534 -26.288254222 1.562201688 -0.329853573 -0.595999545 0.645964738 0.344544220
1548809306.868343353 -0.608583590 -26.503117961 1.579714284 -0.340870774 -0.588646587 0.639906729 0.357521592
1548809307.734430313 -0.791000467 -26.551572230 1.587392812 -0.398612666 -0.555676595 0.603154961 0.410530823
1548809309.498999357 -1.296145487 -26.636408037 1.605968949 -0.444005554 -0.523322194 0.565049440 0.457943316
1548809310.897945404 -1.787574599 -26.682354994 1.618588527 -0.480556086 -0.496193514 0.530283031 0.491586973
1548809312.197398186 -2.256644075 -26.653506397 1.629822492 -0.506283350 -0.469755658 0.506091805 0.516602241
1548809313.564245224 -2.763008141 -26.619848960 1.640798316 -0.506336867 -0.468196785 0.507835941 0.516253236
1548809314.931092262 -3.275526327 -26.601110820 1.652251183 -0.498857717 -0.476310096 0.514971813 0.508992832
1548809316.297145367 -3.786679728 -26.596277983 1.660629299 -0.489973446 -0.484781133 0.525744379 0.498503884
1548809317.663992405 -4.296518523 -26.615383911 1.671461154 -0.480267672 -0.495788774 0.533854335 0.488401478
1548809319.030839205 -4.806136322 -26.640295837 1.684288769 -0.476821950 -0.497568234 0.538099664 0.485299323
1548809320.397686243 -5.315688790 -26.673704317 1.698271031 -0.474080076 -0.498416818 0.539486539 0.485574950
1548809321.764532328 -5.828837197 -26.683055192 1.712301575 -0.487812542 -0.483785301 0.525372608 0.501970447
1548809323.098041296 -6.334770282 -26.685937371 1.725593977 -0.489758858 -0.483974384 0.524226189 0.501090770
1548809324.431550264 -6.837972873 -26.687196809 1.739484615 -0.494666514 -0.481331846 0.519582049 0.503645896
1548809325.798397303 -7.344104777 -26.676639013 1.751564060 -0.497856680 -0.476849336 0.517392596 0.507009210
1548809327.131906271 -7.854051703 -26.661390331 1.760706723 -0.501314716 -0.477985870 0.515433124 0.504521316
1548809328.498753309 -8.357872390 -26.649321758 1.771573926 -0.497840159 -0.477876464 0.518789188 0.504625643
1548809329.832262516 -8.867004960 -26.646791474 1.781051297 -0.495370493 -0.484446065 0.520351831 0.499153340
1548809330.999875307 -9.299833594 -26.653733227 1.787879365 -0.484002585 -0.494551421 0.532446702 0.487504768
1548809332.199136257 -9.741026539 -26.678949113 1.798289967 -0.477766704 -0.495911094 0.537719665 0.486486100
1548809333.332619190 -10.162220076 -26.704124334 1.809768956 -0.475726727 -0.500320154 0.535714834 0.486182519
1548809334.666128397 -10.657864594 -26.729085216 1.820945467 -0.480325062 -0.494402145 0.529899746 0.494024912
1548809336.032975435 -11.167551880 -26.745022594 1.834119864 -0.485252028 -0.487292790 0.524111443 0.502377747
1548809337.366484165 -11.675394178 -26.744968940 1.845788301 -0.491512412 -0.483522404 0.518676033 0.505565829
1548809338.733330250 -12.189356790 -26.741607863 1.858572991 -0.491603707 -0.482713230 0.517879465 0.507064683
1548809340.066839218 -12.694077323 -26.737471842 1.870462073 -0.493257416 -0.482286298 0.516891954 0.506872524
1548809341.400348425 -13.193785746 -26.727798474 1.881682535 -0.493767315 -0.482359971 0.517343610 0.505844132
1548809342.767195463 -13.700643197 -26.723561287 1.893443296 -0.491245422 -0.481593564 0.518001199 0.508350600
1548809344.100704193 -14.203241364 -26.721786849 1.908263182 -0.490493472 -0.482858550 0.516165745 0.509741796
1548809345.434213400 -14.712922644 -26.715278562 1.916327634 -0.491974225 -0.485701409 0.514235325 0.507560374
1548809346.801060438 -15.219974105 -26.708116016 1.926416261 -0.491529284 -0.483889532 0.514323761 0.509628250
1548809348.167906284 -15.723012618 -26.698142888 1.938276018 -0.490735088 -0.481541880 0.515850586 0.511072074
1548809349.233710289 -16.115931008 -26.688801257 1.947682982 -0.491710756 -0.483359971 0.514926222 0.509347285
1548809349.933802128 -16.366197653 -26.675290212 1.954537163 -0.491638849 -0.486632752 0.514676055 0.506545521
1548809351.334884405 -16.870078903 -26.677601445 1.964050257 -0.483615985 -0.489538743 0.517625509 0.508459665
1548809352.735069275 -17.381780869 -26.689018549 1.976923660 -0.475658633 -0.494943190 0.525971622 0.502129422
1548809354.069390297 -17.881941575 -26.696144353 1.989028092 -0.484559126 -0.488584132 0.518573662 0.507512913
1548809355.436236382 -18.390674274 -26.687209794 2.000888353 -0.491045342 -0.483965405 0.512833037 0.511521490
1548809356.701360464 -18.853362713 -26.678905768 2.012432797 -0.490000451 -0.481308101 0.513979050 0.513875088
1548809358.101544142 -19.353410468 -26.672739782 2.027362363 -0.480859216 -0.487001499 0.524389010 0.506576865
1548809359.501729250 -19.852233052 -26.685504446 2.047739717 -0.469253189 -0.493607652 0.535110184 0.499809985
1548809360.836948156 -20.347297333 -26.727405614 2.061649177 -0.458196856 -0.509544621 0.543821597 0.484435745
1548809362.237132311 -20.852306792 -26.762394067 2.078278540 -0.467483191 -0.496729623 0.534458782 0.499072097
1548809363.603979349 -21.348187007 -26.781410221 2.098467631 -0.479817424 -0.483699060 0.522669008 0.512472017
1548809365.004164457 -21.846398441 -26.784398216 2.120142129 -0.475491147 -0.484652715 0.528544810 0.509568739
