1403715886.584058046 0.000000000 0.000000000 1.000000000 -0.707106781 0.000000000 0.000000000 0.707106781
1403715895.234057903 -0.432401576 -0.174946686 1.392476382 -0.695773004 0.007707063 0.010138746 0.718148825
1403715896.234057903 -0.935665176 -0.244222777 1.642897657 -0.697586847 0.021732831 0.034585274 0.715334980
1403715897.434057951 -0.459526210 -0.411644416 1.780425984 -0.696860415 0.030738177 0.057513048 0.714235938
1403715897.784058094 0.060904214 -0.454093042 1.793165320 -0.693821372 0.032554640 0.057668487 0.717095840
1403715898.134057999 0.622521024 -0.470631374 1.801836730 -0.670452998 0.030052368 0.036595746 0.740439318
1403715898.434057951 1.131204098 -0.514856248 1.832023372 -0.675863725 0.060213955 -0.002586908 0.734558243
1403715898.784058094 1.687935592 -0.560920869 1.751518362 -0.688166121 0.131099362 -0.042201869 0.712361811
1403715899.134057999 2.246543999 -0.600060530 1.568302774 -0.694875010 0.164061554 -0.054770675 0.698020558
1403715899.534058094 2.798511781 -0.579426717 1.417832723 -0.725846277 0.156197490 -0.070274970 0.666191380
1403715899.984058142 3.314646250 -0.361716410 1.413300466 -0.711921401 0.133125754 -0.099945642 0.682243593
1403715900.484058142 3.659764211 0.017388559 1.520007944 -0.709410700 0.122784694 -0.105146289 0.686006294
1403715901.034058094 3.732307955 0.481980814 1.739552394 -0.638097946 0.141034786 -0.066068217 0.754039250
1403715902.184058189 3.270475073 0.268261671 1.802864246 -0.666569702 0.148948819 -0.069178240 0.727126848
1403715902.734057903 2.883452004 -0.065859466 1.732440246 -0.699430420 0.143247978 -0.044065814 0.698809923
1403715903.084058046 2.652173938 -0.217552920 1.651439590 -0.718597916 0.075531481 -0.017844540 0.691081473
1403715903.584058046 2.239213810 -0.261750582 1.626208515 -0.733974523 -0.000812647 0.014882300 0.679013443
1403715904.234057903 1.731928493 -0.220820037 1.869802610 -0.654945187 -0.193838349 0.111083943 0.721896013
1403715904.684058189 1.490743836 -0.124551010 2.086520882 -0.588963953 -0.354739595 0.135554752 0.713376612
1403715904.934057951 1.360743395 -0.084060051 2.097276462 -0.562525078 -0.428729906 0.196424599 0.679097623
1403715905.284058094 1.247506974 -0.016738339 1.978451483 -0.485840488 -0.537776704 0.255097633 0.640062836
1403715905.784058094 1.214271972 -0.096726571 1.775414384 -0.459391211 -0.662504681 0.289484924 0.515990059
1403715906.084058046 1.225092737 -0.170810216 1.617575071 0.403309302 0.757744723 -0.293935534 -0.420436015
1403715906.334058046 1.261698928 -0.263455419 1.559637146 0.302164518 0.822946486 -0.310461000 -0.367518236
1403715906.884057999 1.441653002 -0.638105328 1.362800816 0.156702651 0.895273262 -0.372250044 -0.188042471
1403715907.384057999 1.493952082 -0.838002996 1.224516148 -0.041576935 0.919445389 -0.390864473 -0.010793497
1403715907.984058142 1.740126037 -1.015046384 1.300134288 -0.200385952 0.875035637 -0.394503263 0.196278576
1403715908.534058094 1.932536952 -0.978025583 1.387768672 -0.348191168 0.776651827 -0.348186449 0.392862630
1403715909.034058094 1.948660319 -0.814391671 1.480949881 -0.481589359 0.632716182 -0.291055449 0.532004369
1403715909.684058189 1.789127287 -0.561477275 1.607457489 -0.602575385 0.434616233 -0.215531771 0.633685798
1403715910.034058094 1.593403977 -0.276538965 1.687056046 -0.627400769 0.289513685 -0.144190154 0.708349702
1403715910.184058189 1.508694860 -0.178867681 1.728385575 -0.645985718 0.207082780 -0.103566120 0.727387952
1403715910.584058046 1.234580309 0.015354901 1.747834874 -0.650496892 0.031449551 -0.026489096 0.758395046
1403715911.134057999 0.808006065 0.036164171 1.702476133 -0.636436027 -0.149854629 0.074193934 0.752986078
1403715911.384057999 0.649156606 -0.036321664 1.665211601 -0.623240952 -0.233581980 0.123389338 0.736060626
1403715911.584058046 0.532937398 -0.143854085 1.608447721 -0.627131607 -0.295678739 0.151891687 0.704421001
1403715912.034058094 0.364175677 -0.428234353 1.541290294 -0.600127429 -0.423772550 0.184592118 0.652832018
1403715912.434057951 0.245275912 -0.733366454 1.545367733 -0.572209522 -0.486318570 0.233029042 0.617873755
1403715912.834058046 0.144547009 -1.060875071 1.549799332 -0.525302913 -0.576947346 0.274515014 0.561987648
1403715913.234057903 0.074891046 -1.331307975 1.444255194 0.437345346 0.688281391 -0.329913052 -0.475557729
1403715913.684058189 0.084530334 -1.571071983 1.291115424 0.320583864 0.744958755 -0.345659268 -0.471997998
1403715914.334058046 0.442936727 -2.122366919 1.062833823 0.390699376 0.743378103 -0.324632043 -0.435151733
1403715914.784058094 0.713942687 -2.614729568 0.923628803 0.509970205 0.693475238 -0.288040150 -0.419589509
1403715915.584058046 0.483245613 -3.072565112 0.779890950 0.496167328 0.659544023 -0.293478776 -0.482379386
1403715916.184058189 -0.005558262 -3.121905982 0.562477718 0.489226592 0.664384371 -0.292019809 -0.483709811
1403715916.684058189 -0.493767384 -3.149106778 0.411999736 -0.561671431 -0.558885239 0.266559532 0.548742662
1403715916.984058142 -0.760131063 -3.116540813 0.345632717 -0.602423595 -0.490149960 0.279606896 0.564498728
1403715917.134057999 -0.884137719 -3.065288721 0.339592754 -0.593115400 -0.469379733 0.284750629 0.588909048
1403715917.434057951 -1.071141887 -2.943015404 0.358727034 -0.557189157 -0.440594323 0.242889899 0.660621966
1403715918.684058189 -0.939404215 -2.671701351 0.229950934 -0.641440598 -0.351830746 0.213610405 0.647409978
1403715919.834058046 -0.608831328 -2.434538241 0.221998819 -0.629984225 -0.377340587 0.133591761 0.665497707
1403715920.884057999 -1.031036446 -2.409541756 0.261341895 -0.602257728 -0.390387221 0.209912287 0.663942979
1403715921.684058189 -1.174268849 -2.556903805 0.700639394 -0.599597356 -0.466430095 0.201035826 0.618474392
1403715922.084058046 -1.297101383 -2.632027181 0.972771801 -0.604899795 -0.452609555 0.210098438 0.620563836
1403715922.284058094 -1.336806319 -2.651802170 1.113057615 -0.594712226 -0.445367592 0.220599742 0.631902548
1403715922.384057999 -1.356600691 -2.667491681 1.195618129 -0.590145716 -0.445014105 0.220046135 0.636608340
1403715922.534058094 -1.380138598 -2.696559916 1.314400115 -0.588370001 -0.446870004 0.217601045 0.637791288
1403715922.684058189 -1.394371294 -2.727906823 1.417214371 -0.587164130 -0.442576880 0.226505151 0.638795277
1403715923.034058094 -1.391001905 -2.771403684 1.551385273 -0.582993286 -0.451160034 0.212298482 0.641484846
1403715923.684058189 -1.341708166 -2.913518713 1.734701065 -0.612288461 -0.439686419 0.244769314 0.609808720
1403715924.284058094 -1.196508036 -2.771605857 1.499612417 -0.580053891 -0.443257841 0.239941350 0.639912587
1403715924.484058142 -1.104543090 -2.711725976 1.397784746 -0.592350391 -0.448557623 0.223925502 0.630693620
1403715924.734057903 -0.971927851 -2.627590725 1.278114848 -0.613342313 -0.437180559 0.224228183 0.618389915
1403715925.034058094 -0.801003295 -2.476475926 1.168477511 -0.623898388 -0.375069063 0.212948075 0.651710915
1403715925.434057951 -0.495069287 -2.300844781 1.138934012 -0.649906065 -0.262984062 0.166927274 0.693250874
1403715925.784058094 -0.121778269 -2.168031041 1.144214638 -0.682870513 -0.160472824 0.125389665 0.701579481
1403715926.134057999 0.185596254 -2.010590621 1.082919507 -0.668736958 -0.036630934 0.064578001 0.739782898
1403715926.434057951 0.611025833 -1.868564108 1.002685899 -0.646357975 0.072592775 0.010486885 0.759500943
1403715926.834058046 1.174117252 -1.829517289 0.797763671 -0.656066417 0.193319083 -0.079444223 0.725184944
1403715927.234057903 1.680196484 -1.907675821 0.659626042 -0.644702686 0.268717874 -0.153706417 0.698944553
1403715928.034058094 2.057977745 -2.139811507 0.466611744 -0.544397360 0.470104754 -0.268071144 0.640914110
1403715928.484058142 1.869159290 -2.311785893 0.187972730 -0.446731788 0.636203081 -0.317876984 0.542798832
1403715928.884057999 1.497340168 -2.459616787 -0.024327003 -0.460370064 0.715895120 -0.273498183 0.448053932
1403715929.634057999 1.324778501 -2.920033570 0.104477178 -0.580609287 0.589282673 -0.360917952 0.430554316
1403715931.284058094 1.752939757 -2.778740683 0.332849744 -0.516971237 0.689680918 -0.237741472 0.447839217
1403715931.734057903 2.233587072 -2.951819824 0.392865278 -0.510054566 0.675227044 -0.259650348 0.465289668
1403715932.134057999 2.776822375 -3.050644746 0.378799182 -0.480176673 0.642998148 -0.306449033 0.511930400
1403715932.634057999 3.175540292 -3.094379394 0.471547075 -0.393469678 0.589227184 -0.399910420 0.581433224
1403715933.184058189 2.651252428 -3.070511258 0.674238538 -0.479920995 0.659152028 -0.299063206 0.495737472
1403715933.534058094 2.142100915 -3.024036696 0.806158173 -0.541458865 0.717351093 -0.155877641 0.409794909
1403715934.184058189 2.424551907 -3.161498408 0.977996202 -0.452269088 0.662455554 -0.323263648 0.502101509
1403715934.334058046 2.631150171 -3.221656801 1.023032735 -0.398354683 0.627640752 -0.386042012 0.546216256
1403715934.434057951 2.742992908 -3.239983455 1.039891161 -0.372026406 0.608653940 -0.414147409 0.565348263
1403715935.084058046 2.360756932 -3.195376019 1.102711377 -0.420639700 0.637508671 -0.342249222 0.547275440
1403715935.384057999 1.797709916 -3.129046296 1.052627181 -0.504276840 0.686598631 -0.239995573 0.465498994
1403715935.784058094 1.317529739 -3.017030242 0.889392978 -0.546320439 0.703056544 -0.186690761 0.415201196
1403715936.484058142 1.682032226 -2.931632627 0.826086404 -0.410314664 0.641989426 -0.368299621 0.532772787
1403715937.734057903 1.335297744 -2.578091241 0.576494590 -0.550990621 0.591993594 -0.235904639 0.538796735
1403715938.734057903 1.632490776 -2.119280520 0.574385261 -0.626920566 0.390158723 -0.195404558 0.645417566
1403715939.184058189 2.000627648 -1.796264028 0.710319372 -0.669996012 0.380517055 -0.158808231 0.617326543
1403715939.534058094 2.374449097 -1.431277714 0.892343120 -0.567892104 0.350658154 -0.219695425 0.711527468
1403715940.684058189 2.026584223 -1.467634845 1.222253781 -0.724785350 0.419432823 -0.105656480 0.536282585
1403715941.134057999 2.254293924 -1.211063222 1.655968016 -0.652893049 0.400037073 -0.184154146 0.616269630
1403715941.234057903 2.388896863 -1.120569918 1.776943231 -0.594901727 0.383585994 -0.220045615 0.671218033
1403715941.384057999 2.596626286 -1.042452227 1.877963557 -0.530204140 0.358397340 -0.240585071 0.729762797
1403715941.784058094 2.784840147 -0.858975394 1.998374316 -0.443514286 0.334938912 -0.248091234 0.793449269
1403715942.134057999 2.560936466 -1.046786023 1.806084388 -0.525478699 0.347436986 -0.230140799 0.741751233
1403715942.284058094 2.354379091 -1.167041221 1.655301557 -0.607333906 0.372744755 -0.194540716 0.674062893
1403715942.384057999 2.220459166 -1.247332825 1.451192774 -0.644192216 0.381482101 -0.172781619 0.640026803
1403715942.684058189 1.903360177 -1.408714462 1.014444710 -0.714183775 0.397086345 -0.127323286 0.562185691
1403715943.484058142 2.180440290 -1.115188023 0.658871895 -0.579477552 0.322155752 -0.210329844 0.718458624
1403715944.684058189 1.927957483 -1.396341653 0.695160913 -0.758419235 0.263715965 -0.074632165 0.591341013
1403715945.084058046 2.080870385 -1.273147881 0.940724147 -0.692753175 0.113924044 -0.109806896 0.703602726
1403715945.484058142 2.192341982 -1.102879216 1.184470094 -0.563731541 0.070074257 -0.137242220 0.811456050
1403715945.784058094 2.122576315 -1.228440285 1.220670559 -0.651636327 0.100681899 -0.098557854 0.745331873
1403715946.184058189 1.951356000 -1.441820901 1.213426839 -0.783582512 0.108120923 -0.062327576 0.608624339
1403715946.634057999 1.844288577 -1.239973664 1.490852810 -0.704630818 0.027512224 -0.060256502 0.706475507
1403715946.934057951 1.761767162 -1.008514268 1.686510294 -0.622365735 0.012313284 -0.052129823 0.780891642
1403715947.134057999 1.698961344 -0.940465905 1.769384821 -0.577099932 0.012646943 -0.052977544 0.814855265
1403715947.634057999 1.551455760 -1.228190178 1.587334069 -0.673386489 0.040665760 -0.032753675 0.737444323
1403715947.884057999 1.510457854 -1.429891527 1.350061386 -0.754614304 0.042161624 -0.026802702 0.654263911
1403715948.834058046 1.526003840 -0.932339509 1.129634620 -0.621878182 0.020297250 -0.055663525 0.780869465
1403715949.734057903 1.492682929 -0.840553799 1.054584957 -0.778007837 -0.101825934 0.001932086 0.619944797
1403715950.284058094 1.302385691 -0.463338731 1.170415593 -0.672878480 -0.220755413 0.024677115 0.705615078
1403715950.484058142 1.168957157 -0.272696856 1.289274623 -0.605257771 -0.216118483 0.064194532 0.763436241
1403715950.634057999 1.080944365 -0.185790941 1.354047135 -0.576333488 -0.209782007 0.074401144 0.786317805
1403715950.784058094 1.028528787 -0.150493173 1.390214885 -0.555196133 -0.206332058 0.083185820 0.801414035
1403715950.884057999 0.996654653 -0.177256194 1.406220743 -0.546951699 -0.204930906 0.086721798 0.807048011
1403715951.034058094 0.985839114 -0.279177778 1.397626610 -0.585460767 -0.210403676 0.086735344 0.778102155
1403715951.184058189 0.989574389 -0.439895841 1.346120409 -0.654699191 -0.221091179 0.072656415 0.719172236
1403715951.834058046 0.950335528 -0.781966657 1.596134752 0.800226955 0.327261172 -0.076793429 -0.496628347
1403715952.034058094 0.781173837 -0.698038375 1.701816651 -0.738529593 -0.347741457 0.131115298 0.562546619
1403715952.134057999 0.678298148 -0.644352276 1.756525501 -0.691138458 -0.354320385 0.165582921 0.607755701
1403715952.284058094 0.551791051 -0.556721216 1.820434606 -0.638353459 -0.366492568 0.204222556 0.645353552
1403715952.384057999 0.489354646 -0.499996289 1.848332032 -0.612662470 -0.372868050 0.222821256 0.660276308
1403715952.484058142 0.452409401 -0.446880698 1.916168672 -0.596145477 -0.380226479 0.238338200 0.665757687
1403715952.684058189 0.436224441 -0.375233163 2.001236468 -0.560873439 -0.395220321 0.266962027 0.676722365
1403715952.984058142 0.594788001 -0.458531942 2.062920641 -0.568380764 -0.414206337 0.261989921 0.660861331
1403715953.084058046 0.694491392 -0.545385050 2.079713063 -0.619440657 -0.436665340 0.228494965 0.611070130
1403715953.234057903 0.946164832 -0.526468352 2.068620732 -0.676005646 -0.472393230 0.192112658 0.531933953
1403715953.784058094 1.323289281 -0.577915723 1.943054833 0.713725921 0.555540703 -0.144384215 -0.401401340
1403715954.084058046 1.079122069 -0.418421841 1.955529785 0.603252186 0.604954781 -0.158248186 -0.495049517
1403715954.284058094 0.805246509 -0.349692809 1.917300633 -0.533440523 -0.578833548 0.225389232 0.574101582
1403715954.534058094 0.528587211 -0.342773023 1.875037159 -0.502051432 -0.518964496 0.329832514 0.608137094
1403715955.034058094 0.550822496 -0.568528026 1.788142692 -0.545273272 -0.535333728 0.304979647 0.568403266
1403715955.284058094 0.770991737 -0.770017016 1.749717579 0.629915537 0.560608219 -0.237838915 -0.482034741
1403715955.684058189 0.940935959 -0.990137643 1.737017050 0.693516878 0.582759242 -0.186005548 -0.380562663
1403715955.884057999 0.847300185 -1.014772343 1.755672522 0.631093688 0.604572779 -0.236880570 -0.424382030
1403715956.134057999 0.658770743 -1.010067773 1.767310733 0.503764783 0.620643557 -0.338916291 -0.496143494
1403715956.434057951 0.511341884 -1.071126595 1.859272680 0.403609197 0.656892337 -0.412662249 -0.485079316
1403715956.984058142 0.898958414 -1.135553857 2.008817522 0.400813743 0.722578378 -0.412473658 -0.383528763
1403715957.434057951 1.464339145 -1.111024008 2.013271923 0.494786616 0.782462478 -0.256955132 -0.277331453
1403715957.684058189 1.584592738 -1.137679061 1.909942790 0.510195752 0.795881198 -0.207304448 -0.251591492
1403715958.034058094 1.298968296 -1.347542246 1.770662546 0.429308535 0.758501420 -0.355138933 -0.338003131
1403715958.434057951 0.950281313 -1.552357548 1.589912033 0.307135663 0.711951489 -0.518403159 -0.360625742
1403715959.034058094 1.431923570 -1.554596113 1.426235439 0.317859168 0.804248838 -0.469110022 -0.179123263
1403715959.484058142 1.780169289 -1.232747948 1.356822630 0.245190759 0.908489091 -0.317600724 -0.116871055
1403715960.134057999 1.653140180 -1.658851183 1.358479019 0.148978073 0.809437417 -0.554066831 -0.125006191
1403715961.034058094 1.956510964 -1.304298644 1.601373475 0.170023815 0.914037281 -0.351642987 -0.109430167
1403715961.834058046 2.043632006 -1.785193647 1.849667452 0.114761511 0.839980171 -0.526203694 -0.066127002
1403715962.084058046 1.992631169 -2.031628245 1.965223348 0.062993356 0.787188403 -0.611461885 -0.049805803
1403715962.234057903 1.995952486 -2.044779463 1.968007653 0.044677185 0.766425384 -0.640348929 -0.023437782
1403715962.484058142 2.051746649 -1.848911163 1.932521942 0.042636323 0.796830410 -0.600639353 0.049757503
1403715962.734057903 2.073158674 -1.464032395 1.881167466 0.050979577 0.857825069 -0.493785307 0.133091339
1403715963.084058046 1.956984964 -0.901515891 1.772525354 -0.052185036 0.923583179 -0.358648608 0.125068016
1403715963.534058094 1.819148102 -0.563489414 1.370728305 -0.156534832 0.894276039 -0.379918508 0.177282653
1403715965.934057951 2.119146877 -0.970331459 1.467635147 -0.209343688 0.797986509 -0.500102292 0.263230792
1403715967.334058046 2.339041995 -1.052245469 1.944741351 -0.175133150 0.764380211 -0.568376813 0.248996127
1403715968.034058094 2.244509941 -0.638733377 2.221525748 -0.246251585 0.845453977 -0.356755238 0.311918946
1403715969.134057999 1.903094308 -0.301466615 1.940216916 -0.268060277 0.777941439 -0.467774414 0.322704047
1403715969.484058142 1.606909040 -0.006594531 1.757052337 -0.330390376 0.860250534 -0.298698888 0.248173716
1403715970.184058189 2.076101769 -0.103835796 1.705037753 -0.266646342 0.743168665 -0.517159073 0.330373360
1403715970.934057951 2.153092927 0.305554611 1.843110180 -0.273257973 0.844458738 -0.310082374 0.340688187
1403715971.584058046 2.319393939 -0.059512945 2.051370567 -0.417042500 0.709135713 -0.457771527 0.337116184
1403715971.834058046 2.543051399 -0.190496257 2.184978387 -0.420415575 0.640353637 -0.480710909 0.426749323
1403715972.334058046 2.720536822 -0.163984575 2.387634209 -0.410708575 0.567418877 -0.469039149 0.537918731
1403715972.884057999 2.249881383 -0.010010984 2.459565759 -0.478618978 0.648692570 -0.347056077 0.479243052
1403715973.384057999 1.749285959 0.070726439 2.396216788 -0.446558356 0.660320443 -0.354486587 0.488775825
1403715974.034058094 1.273876889 -0.111882107 2.286309293 -0.477827281 0.685265644 -0.304787733 0.457380066
1403715974.734057903 1.277140146 -0.625569364 2.102341533 -0.475676560 0.650119172 -0.358830943 0.471505277
1403715975.384057999 1.449992223 -1.100507447 1.892342673 -0.486919371 0.628563836 -0.374822071 0.476786582
1403715976.334058046 1.721171424 -1.543073375 1.880478996 -0.492018639 0.626641290 -0.379013037 0.470730782
1403715977.584058046 2.164946934 -1.318144510 2.000315946 -0.603351386 0.467510008 -0.311859515 0.565813698
1403715978.184058189 2.245907237 -0.905118869 2.090809448 -0.685712642 0.232502585 -0.245174099 0.644694022
1403715978.584058046 2.104377495 -0.578196446 2.142798940 -0.707781033 0.094436040 -0.147011747 0.684481840
1403715979.084058046 1.724671176 -0.259772325 2.129238782 -0.720973491 -0.099486019 -0.031554958 0.685057692
1403715979.434057951 1.426641523 -0.142412672 2.152729096 -0.665596341 -0.257479750 0.050888674 0.698638699
1403715979.734057903 1.181345604 -0.144831533 2.182863090 -0.639957766 -0.377234021 0.103569346 0.661378819
1403715979.984058142 0.898454423 -0.303269576 2.169370688 -0.600326039 -0.457223754 0.160885647 0.636137480
1403715980.134057999 0.764456067 -0.444175473 2.122493695 -0.569784091 -0.501814534 0.198478185 0.619785990
1403715980.384057999 0.625331481 -0.710322841 2.049101439 -0.530104459 -0.577046247 0.263817221 0.562500992
1403715980.684058189 0.552312143 -1.091580106 1.964799813 0.468610312 0.657923419 -0.348937920 -0.475166790
1403715981.034058094 0.587947989 -1.514751568 1.838565435 0.378371283 0.746507014 -0.420957860 -0.349795556
1403715981.434057951 0.895513101 -1.962629713 1.782541405 0.238989109 0.817017424 -0.485574175 -0.198958427
1403715981.884057999 1.305736020 -2.047049972 1.733871204 0.048115240 0.854447446 -0.517071761 -0.015533154
1403715982.384057999 1.699519406 -1.828694775 1.862309364 -0.132390741 0.846206245 -0.491698251 0.156972971
1403715982.884057999 2.077146973 -1.417981222 2.006402350 -0.302896551 0.767636577 -0.463813966 0.322279957
1403715983.234057903 2.256783043 -1.004531474 2.143757254 -0.408582763 0.684001365 -0.423798982 0.430809334
1403715983.584058046 2.343119223 -0.557726895 2.241916411 -0.493295698 0.557908727 -0.376947836 0.550733634
1403715983.884057999 2.316212763 -0.164305952 2.396386622 -0.539915573 0.451967799 -0.321754129 0.633001234
1403715983.984058142 2.261410463 -0.074595726 2.416873471 -0.555397575 0.418801436 -0.299881463 0.652847607
1403715984.134057999 2.162377695 0.022139555 2.448977368 -0.584505209 0.372960100 -0.261681790 0.671399334
1403715984.234057903 2.094022271 0.077348104 2.466133319 -0.604000867 0.344035201 -0.235142063 0.679360688
1403715984.384057999 1.967785451 0.119454189 2.482150234 -0.623757187 0.296394593 -0.202190466 0.694403509
1403715984.484058142 1.877186146 0.125966333 2.491627731 -0.636973958 0.261389883 -0.185824095 0.701005643
1403715984.634057999 1.735474671 0.112743682 2.485685852 -0.668352359 0.207247958 -0.158042855 0.696689216
1403715984.734057903 1.621381334 0.090535174 2.497826858 -0.690876810 0.173547591 -0.134954374 0.688736368
1403715984.834058046 1.523060717 0.072379595 2.493486906 -0.701214215 0.136238585 -0.102290865 0.692296361
1403715984.934057951 1.424220810 0.047231391 2.484593199 -0.706528920 0.097254780 -0.074086674 0.697043441
1403715985.084058046 1.316791317 -0.014312808 2.453900290 -0.706757286 0.037078360 -0.046072121 0.704979924
1403715985.184058189 1.225496337 -0.057224154 2.469850649 -0.712221950 0.011978978 -0.041944440 0.700597646
1403715985.284058094 1.137675810 -0.110663388 2.460516766 -0.712951646 -0.007361463 -0.051240547 0.699299768
1403715985.534058094 0.927501480 -0.262737775 2.416365603 -0.718881568 0.000554141 -0.061686972 0.692389848
1403715985.934057951 0.629900906 -0.513728020 2.282187374 -0.761826955 0.080042491 -0.043167053 0.641365338
1403715986.734057903 0.277700770 -0.660872199 1.845496139 -0.763427891 0.080897645 -0.070343808 0.636934200
1403715988.284058094 0.220833064 -0.538600190 1.349824313 -0.725357375 0.116583074 -0.107963454 0.669782770
1403715990.684058189 0.467992028 -0.515360157 1.120677099 -0.728049726 0.111015021 -0.115419934 0.666556449
1403715990.784058094 0.473069389 -0.503958149 1.032669419 -0.726620383 0.109678467 -0.113480778 0.668667007
1403715990.934057951 0.516359279 -0.463219831 0.919820835 -0.725397195 0.103297047 -0.107238212 0.672033180
1403715991.034058094 0.488015937 -0.463540611 0.889618871 -0.723563441 0.101199360 -0.110079604 0.673867285
1403715991.134057999 0.440116882 -0.417320110 0.872633595 -0.711663870 0.109295197 -0.104708219 0.686021344
1403715991.234057903 0.436766421 -0.415271180 0.873687243 -0.712973003 0.102155079 -0.114016244 0.684276357
1403715991.384057999 0.437674957 -0.415120028 0.872522628 -0.710600722 0.109542818 -0.102652216 0.687393270
1403715991.484058142 0.437154837 -0.415027199 0.872739554 -0.710081383 0.108312804 -0.104138346 0.687901135
1403715991.584058046 0.437344315 -0.415002493 0.872536429 -0.709794945 0.108676653 -0.103515254 0.688233328
1403715991.684058189 0.437490588 -0.414698719 0.872389737 -0.710611764 0.108558885 -0.104063846 0.687325691
1403715991.784058094 0.437467593 -0.415020760 0.872493305 -0.710375880 0.108728557 -0.103821663 0.687579284
1403715991.884057999 0.437406095 -0.415201812 0.872439032 -0.710179384 0.108563425 -0.104197322 0.687751513
1403715991.984058142 0.437356056 -0.415005111 0.872695145 -0.710348862 0.108966536 -0.103750908 0.687580205
1403715992.084058046 0.437358411 -0.414959755 0.872755642 -0.710699995 0.108754368 -0.103922865 0.687224885
1403715992.184058189 0.438069606 -0.418823794 0.871386416 -0.710709911 0.108251781 -0.103905241 0.687296643
1403715992.284058094 0.437782016 -0.419591313 0.873545481 -0.710516914 0.108403830 -0.103971465 0.687462187
1403715992.384057999 0.441833238 -0.421246960 0.873643820 -0.710525433 0.107731490 -0.103823953 0.687581356
1403715992.484058142 0.437504132 -0.415990302 0.872648864 -0.710275384 0.108300323 -0.103987721 0.687725579
1403715992.584058046 0.437348014 -0.414923896 0.872693881 -0.710156805 0.108333762 -0.104271531 0.687799793
1403715992.684058189 0.438571230 -0.415619613 0.872953230 -0.710283862 0.108341336 -0.104003448 0.687707986
1403715992.784058094 0.437369678 -0.415234033 0.870529310 -0.709372182 0.108679741 -0.103718345 0.688638022
1403715992.884057999 0.437293708 -0.415710352 0.869544858 -0.709310811 0.108605737 -0.103625353 0.688726907
1403715992.984058142 0.437517409 -0.415668669 0.871361594 -0.709694362 0.108982224 -0.103132002 0.688346263
1403715993.084058046 0.437684736 -0.415434056 0.871344204 -0.709721550 0.108825522 -0.103376639 0.688306326
1403715993.184058189 0.437307077 -0.414638064 0.871919897 -0.709873776 0.109068328 -0.103753139 0.688054219
1403715993.284058094 0.437639061 -0.415014058 0.871482364 -0.709662307 0.108715168 -0.103644782 0.688344522
1403715993.384057999 0.437445786 -0.414963425 0.871491227 -0.709445705 0.108877147 -0.103495723 0.688564590
1403715993.484058142 0.437496070 -0.415225065 0.871626555 -0.709636052 0.108805341 -0.103342580 0.688402777
1403715993.584058046 0.437473215 -0.415318043 0.871863402 -0.709722195 0.108924667 -0.103207147 0.688315413
1403715993.684058189 0.437373069 -0.414001532 0.871557563 -0.709825732 0.108995450 -0.103431655 0.688163726
1403715993.784058094 0.437677963 -0.414132457 0.872125711 -0.709689224 0.109053428 -0.102768519 0.688394645
