1551727947.948922873 0.000000000 0.000000000 1.000000000 -0.707106781 0.000000000 0.000000000 0.707106781
1551727950.028922796 -0.324669638 0.215333587 1.063162506 -0.758862845 0.026031878 -0.012631356 0.650607388
1551727952.108922958 0.117479817 0.139364808 0.870609075 -0.790774193 0.022462622 -0.060967093 0.608649834
1551727954.188922882 -0.140215579 0.151354745 1.177601677 -0.822064055 -0.047372918 -0.016819966 0.567171566
1551727956.268922806 -0.086552744 0.167032299 0.695914694 -0.746944968 0.058115508 -0.035326771 0.661398384
1551727957.948922873 0.141686206 -0.009585874 1.139188883 -0.776876801 0.089283259 -0.073091275 0.618989984
1551727958.828922987 0.605951910 -0.214205588 1.336356740 -0.744638521 0.110088814 -0.159372313 0.638744387
1551727958.988922834 0.722687643 -0.266154732 1.413662409 -0.707623862 0.132743605 -0.207584472 0.662235828
1551727959.148922920 0.825341568 -0.300276438 1.477089355 -0.684120714 0.164160758 -0.247113156 0.666307123
1551727959.228922844 0.876140276 -0.320142074 1.505507386 -0.671638981 0.178176871 -0.269400003 0.666766616
1551727959.468922853 1.025287186 -0.363504484 1.570491355 -0.657337179 0.187419639 -0.303895483 0.663648437
1551727959.708922863 1.186865362 -0.426776476 1.630578796 -0.631473034 0.187715951 -0.312436116 0.684388926
1551727959.948922873 1.339636184 -0.463673611 1.701501161 -0.607937950 0.210528578 -0.297554354 0.705372649
1551727960.268922806 1.525343019 -0.451091978 1.774219917 -0.606735290 0.204730435 -0.276660116 0.716531170
1551727960.508922815 1.635335286 -0.381044017 1.801070017 -0.607781697 0.189045671 -0.300528131 0.710314005
1551727960.908922911 1.874174806 -0.234224674 1.732944246 -0.618281142 0.186355639 -0.320621604 0.692965939
1551727961.548923016 2.206552217 -0.002892416 1.552444781 -0.655387416 0.153984399 -0.276249153 0.685888143
1551727962.268922806 2.513920184 0.422835545 1.481900575 -0.719402470 0.097609009 -0.335434819 0.600346608
1551727963.068922997 2.785853697 0.916924275 1.434394567 -0.760968016 -0.079467131 -0.334281296 0.550335051
1551727963.868922949 2.925874704 1.447379862 1.388748893 -0.774440645 -0.190509236 -0.314708924 0.514690403
1551727964.668922901 2.728478617 1.951848570 1.389407243 -0.772673066 -0.270051864 -0.154763281 0.553260020
1551727965.388922930 2.393291788 2.365943625 1.431438348 -0.806884918 -0.204462514 0.021866407 0.553763189
1551727966.268922806 2.178169630 2.787987396 1.620999701 -0.818416570 -0.060412461 0.072288758 0.566850058
1551727966.668922901 2.172837817 2.921845751 1.774172708 -0.787235901 0.060631816 0.120673576 0.601682064
1551727967.708922863 2.491618401 3.102712958 1.997890825 -0.685631776 0.238866935 -0.026595256 0.687127606
1551727968.588922977 2.802831088 3.168710792 2.049198105 -0.579449686 0.401031382 -0.215196441 0.676093472
1551727968.748922825 2.878361497 3.164815599 2.045307107 -0.559613990 0.426766520 -0.245701139 0.666583431
1551727969.148922920 3.082537110 3.234089714 1.962722820 -0.546746607 0.526575708 -0.247789820 0.601985362
1551727970.028922796 3.329754820 3.177962810 1.716168632 -0.422017454 0.694495569 -0.360261330 0.458027235
1551727970.268922806 3.366981613 3.074531108 1.659435903 -0.332294455 0.726588387 -0.380585358 0.465622698
1551727970.828922987 3.416324774 2.809344164 1.460904289 -0.105507711 0.840606022 -0.391501726 0.359132339
1551727971.308923006 3.392223857 2.594078987 1.371617616 0.028626066 0.876013986 -0.448847831 0.174113953
1551727971.868922949 3.286722369 2.272068227 1.319440849 0.068942643 0.894943470 -0.404035488 0.176290732
1551727972.028922796 3.247827914 2.161702343 1.299326772 0.038368858 0.911315078 -0.387467322 0.133797361
1551727972.188922882 3.214691686 2.051936386 1.280032249 0.011655834 0.921602335 -0.369383123 0.118614440
1551727972.348922968 3.183366506 1.937877620 1.253506770 -0.022339416 0.927746052 -0.360868746 0.092530864
1551727972.508922815 3.129549204 1.803843417 1.240886141 -0.025540019 0.927178138 -0.368378305 0.063133452
1551727972.588922977 3.099559559 1.743885128 1.239810773 -0.026420791 0.924918179 -0.376554049 0.045114874
1551727972.748922825 3.038294151 1.623569921 1.263943968 -0.019311956 0.920836834 -0.389128802 0.016289535
1551727972.908922911 2.986034289 1.508173712 1.292564548 -0.001895991 0.904518659 -0.426015933 -0.018783647
1551727972.988922834 2.960660708 1.452531954 1.296587581 0.006804394 0.900616417 -0.433349904 -0.032428852
1551727973.068922997 2.945531607 1.402034404 1.304338187 0.006001816 0.895616860 -0.442297186 -0.046985292
1551727973.148922920 2.932098487 1.339980820 1.301315093 0.001010807 0.885688940 -0.458086193 -0.075571956
1551727973.308923006 2.896149386 1.209023481 1.331612829 -0.010134447 0.865023872 -0.489703282 -0.108727596
1551727973.388922930 2.878909865 1.141999725 1.344469644 -0.002306184 0.855217263 -0.504106577 -0.120310739
1551727973.548923016 2.859780278 1.020920412 1.380781082 -0.007448848 0.841579156 -0.522209917 -0.137789119
1551727973.708922863 2.874780754 0.908663519 1.400887937 -0.042978462 0.843621105 -0.520504589 -0.124624461
1551727973.788923025 2.882777000 0.850443260 1.404028869 -0.054680582 0.841105002 -0.523759383 -0.123403885
1551727973.948922873 2.894517551 0.710617513 1.405228059 -0.045516125 0.840249296 -0.524141773 -0.131090828
1551727974.028922796 2.907115349 0.632696208 1.409634723 -0.022498953 0.834773757 -0.536546298 -0.121509845
1551727974.108922958 2.925426743 0.558909949 1.400575901 -0.002618016 0.827603552 -0.551764885 -0.103058322
1551727974.268922806 2.971105939 0.409915952 1.417894746 0.010396943 0.821365547 -0.567748416 -0.053965519
1551727974.348922968 2.988383352 0.350067061 1.437793606 0.005810330 0.814875800 -0.577592200 -0.048279608
1551727974.428922892 3.011671458 0.289613964 1.454312207 -0.008000876 0.812936297 -0.581509784 -0.030280917
1551727974.508922815 3.025751721 0.232580077 1.459879626 -0.021566533 0.807154090 -0.589902062 -0.007260727
1551727974.668922901 3.018172116 0.131113431 1.481462329 -0.005171530 0.785843457 -0.618193083 0.016143997
1551727974.748922825 3.004409418 0.075678798 1.502132515 0.013071550 0.766791908 -0.641177570 0.027397576
1551727974.908922911 2.962622603 -0.027169038 1.552452032 0.057988358 0.731566172 -0.678997973 0.020249415
1551727974.988922834 2.940866445 -0.068622418 1.568276381 0.092053035 0.720400249 -0.686972839 0.024860385
1551727975.068922997 2.925303605 -0.112295321 1.580904755 0.118685607 0.708983567 -0.694995304 0.015412844
1551727975.228922844 2.867648547 -0.194168203 1.590152517 -0.176998183 -0.691741952 0.699999337 0.012870209
1551727975.388922930 2.822746672 -0.284420736 1.579035711 -0.227466355 -0.680858748 0.695438148 0.032499300
1551727975.468922853 2.801948368 -0.328290745 1.564681155 -0.250248188 -0.677035283 0.690352836 0.049112437
1551727975.548923016 2.766366979 -0.371320526 1.542293494 -0.278009888 -0.669476436 0.686874650 0.052105840
1551727975.628922939 2.743994598 -0.410339283 1.537528900 -0.308965235 -0.659056175 0.683203653 0.058465456
1551727975.788923025 2.667714304 -0.492470936 1.500409565 0.356182193 0.661531756 -0.655692692 -0.074679815
1551727975.868922949 2.626618079 -0.529780513 1.477147981 0.369470451 0.663359277 -0.645468050 -0.082565437
1551727976.028922796 2.531247051 -0.602085142 1.427476427 0.396459043 0.659541077 -0.631291314 -0.096421324
1551727976.108922958 2.476260468 -0.629708313 1.405241274 0.404455732 0.656970359 -0.628206201 -0.100809115
1551727976.188922882 2.425993617 -0.661967381 1.393086526 0.412711974 0.654556177 -0.624203992 -0.107677360
1551727976.348922968 2.318914264 -0.720560811 1.352374476 0.420597574 0.664402201 -0.599244537 -0.150244402
1551727976.588922977 2.160887466 -0.787221423 1.301738493 0.455466393 0.662278726 -0.569241112 -0.172921401
1551727976.828922987 1.989596312 -0.837606572 1.232045015 0.501920851 0.651391037 -0.520904916 -0.228961231
1551727977.468922853 1.520840548 -0.978339963 1.179699122 0.583786355 0.591176428 -0.439758705 -0.341051614
1551727978.108922958 1.024430195 -1.090924476 1.273085321 0.579589255 0.519122914 -0.513379148 -0.361980035
1551727978.668922901 0.620683056 -1.044814212 1.343888521 0.631933929 0.406896143 -0.482828262 -0.449412848
1551727979.388922930 0.148198740 -0.820017695 1.189626459 0.752175763 0.323465465 -0.321715409 -0.475500694
1551727980.028922796 -0.350085711 -0.623536398 1.052318017 0.784129702 0.354716802 -0.256446251 -0.439945362
1551727980.668922901 -0.715773721 -0.264552185 1.065076399 0.787092841 0.375352716 -0.189119341 -0.451474332
1551727981.308923006 -1.116020939 0.070980269 1.189066033 -0.733402805 -0.364816631 0.173178604 0.546843965
1551727982.028922796 -1.490432988 0.440531890 1.300256501 -0.659497073 -0.460035487 0.144404279 0.576696078
1551727982.668922901 -1.911593400 0.608249920 1.219248633 -0.621052176 -0.559960298 0.147218756 0.528266313
1551727983.148922920 -2.233603311 0.728542362 1.121131004 0.681180539 0.518763905 -0.197116827 -0.477516535
1551727983.308923006 -2.341206531 0.759799620 1.107319406 0.699321110 0.486515498 -0.224906269 -0.472937443
1551727983.388922930 -2.387945846 0.782581332 1.101811631 0.716172799 0.466208205 -0.226773609 -0.467247431
1551727983.548923016 -2.496726367 0.789633008 1.078596878 0.731458679 0.456913787 -0.224587188 -0.453606203
1551727983.708922863 -2.619140133 0.801258475 1.034078339 0.745890716 0.433726887 -0.214519331 -0.457722060
1551727983.868922949 -2.737263388 0.804668626 1.036901572 0.762334956 0.396416360 -0.219749484 -0.461962822
1551727984.028922796 -2.854534502 0.812141305 1.027355996 0.778087256 0.364539679 -0.221132056 -0.461293461
1551727984.348922968 -3.091227603 0.828466455 1.029862845 0.795363749 0.323571649 -0.215344469 -0.465107143
1551727984.508922815 -3.204637063 0.862272909 1.029511251 0.800536606 0.299516956 -0.226082680 -0.467244431
1551727984.588922977 -3.270584312 0.864929259 1.030012692 0.796433895 0.295110227 -0.234650798 -0.472802294
1551727984.908922911 -3.513365070 0.926847654 1.072209006 0.792103310 0.285015568 -0.223280805 -0.491410373
1551727985.388922930 -3.876049677 1.030018777 1.126192597 -0.776272578 -0.264438098 0.225307319 0.526032308
1551727985.948922873 -4.340070935 1.174932737 1.190282935 -0.730344168 -0.283751539 0.331329453 0.525645559
1551727986.668922901 -4.778569625 1.415546652 1.356061479 -0.670752073 -0.222442046 0.365796070 0.605643813
1551727987.388922930 -5.232097181 1.679163569 1.437237668 -0.673095280 -0.087108418 0.293594024 0.673169679
1551727988.028922796 -5.642347257 2.022073505 1.449355974 -0.728573965 0.025048284 0.143931570 0.669205696
1551727988.748922825 -6.007941644 2.404249232 1.296680244 -0.767927908 0.122191748 0.121459857 0.616930635
1551727989.308923006 -6.266823309 2.765777347 1.169637175 -0.805906531 0.170916759 0.064496237 0.563153941
1551727989.788923025 -6.498480400 3.086297693 1.150132963 -0.814697928 0.225704612 0.100762525 0.524568039
1551727990.428922892 -6.534513843 3.590771673 1.208766403 -0.767674346 0.285030112 0.098914580 0.565375839
1551727990.748922825 -6.476674792 3.814900255 1.283496989 -0.733723861 0.287720983 -0.037712631 0.614364459
1551727991.228922844 -6.347360788 4.189669410 1.383015905 -0.707630205 0.258243172 -0.221968237 0.619112315
1551727991.868922949 -6.080014556 4.641437493 1.311289135 -0.699521354 0.210192027 -0.355511898 0.583181342
1551727992.508922815 -5.816727064 5.066487639 1.298916423 -0.661699720 0.247517871 -0.449786256 0.546425392
1551727993.148922920 -5.455991409 5.347277343 1.510669818 -0.577281765 0.245890166 -0.582009031 0.517251658
1551727993.868922949 -5.214544887 5.733254418 1.737700950 -0.492339066 0.205098085 -0.570169381 0.624855100
1551727994.588922977 -4.975062422 6.153923302 1.884315593 -0.601055352 0.126365941 -0.459904709 0.641289149
1551727994.748922825 -4.925736114 6.254380147 1.888141922 -0.627984832 0.111337454 -0.446543960 0.627564749
1551727995.628922939 -4.721127238 6.708199631 1.910420774 -0.675779632 -0.010795103 -0.296679586 0.674675164
1551727995.708922863 -4.690144315 6.743009701 1.905389535 -0.676958573 -0.018207351 -0.277064831 0.681638219
1551727995.868922949 -4.663645899 6.814506827 1.899497967 -0.677356908 -0.029409119 -0.242694949 0.693845721
1551727995.868922949 -4.663645899 6.814506827 1.899497967 -0.677356908 -0.029409119 -0.242694949 0.693845721
1551727996.508922815 -4.641352010 7.025462671 1.838490021 -0.653340167 -0.046536002 -0.121547207 0.745793070
1551727996.588922977 -4.644953767 7.045457373 1.830351842 -0.653038703 -0.043720326 -0.090814893 0.750587531
1551727996.748922825 -4.672670882 7.068500922 1.818303361 -0.646779360 -0.071914287 -0.016768966 0.759093931
1551727996.908922911 -4.696354452 7.077708672 1.801678894 -0.635172536 -0.116177161 0.066558633 0.760676452
1551727997.068922997 -4.725078140 7.074690544 1.800329553 -0.625452061 -0.149941427 0.141181954 0.752592150
1551727997.228922844 -4.732810579 7.092075477 1.791702641 -0.613420208 -0.177316272 0.198947989 0.743434117
1551727997.308923006 -4.739368079 7.094734554 1.795442180 -0.607461631 -0.184531940 0.222135294 0.739996109
1551727997.388922930 -4.737812301 7.095198723 1.810037610 -0.598783051 -0.195396800 0.243206102 0.737651503
1551727997.468922853 -4.730416467 7.091952081 1.826380209 -0.587733979 -0.205751106 0.260890083 0.737679887
1551727997.548923016 -4.731122747 7.088009549 1.846150973 -0.570951370 -0.213092172 0.275892506 0.743296431
1551727997.708922863 -4.709638307 7.087147107 1.883157450 -0.535959037 -0.216756311 0.299853427 0.758849481
1551727997.788923025 -4.696434864 7.108132358 1.868532302 -0.513046590 -0.216853731 0.314486840 0.768671376
1551727997.948922873 -4.672711484 7.083435078 1.938848463 -0.490455450 -0.223144077 0.320489828 0.779067675
1551727998.028922796 -4.655884582 7.082182302 1.956493016 -0.474824978 -0.228089436 0.330542749 0.783107873
1551727998.108922958 -4.626277831 7.074720870 1.992661473 -0.462887374 -0.233345466 0.339951534 0.784677085
1551727998.188922882 -4.612155341 7.069344198 2.006338594 -0.450610036 -0.236216831 0.349723461 0.786667468
1551727998.268922806 -4.601045090 7.065199030 2.019383839 -0.448922009 -0.244197113 0.360291541 0.780401695
1551727998.348922968 -4.596135025 7.055679177 2.036635459 -0.454233081 -0.256105609 0.365939715 0.770824461
1551727998.508922815 -4.590391955 7.043939647 2.068119373 -0.477659619 -0.302944501 0.384246437 0.729671565
1551727998.588922977 -4.598621594 7.029820861 2.082304550 -0.494909100 -0.322985692 0.384386740 0.709219331
1551727998.668922901 -4.608592472 7.025502726 2.089612119 -0.516155012 -0.346801877 0.379203387 0.685213290
1551727998.748922825 -4.623218367 7.011612328 2.105960473 -0.538792984 -0.372534400 0.367308426 0.660306566
1551727998.908922911 -4.661393531 7.010442864 2.076221571 -0.557044558 -0.436557953 0.358568287 0.608725963
1551727998.988922834 -4.677669112 7.001105919 2.063527123 -0.550415230 -0.467508660 0.363370107 0.588592298
1551727999.148922920 -4.713245936 6.983810044 2.029859905 -0.531301939 -0.521991122 0.383015600 0.546390490
1551727999.228922844 -4.731732064 6.970094095 2.017771302 -0.515819085 -0.547091080 0.386556507 0.534037536
1551727999.308923006 -4.750530418 6.952361528 1.992251446 -0.498607386 -0.569920807 0.390328607 0.523664517
1551727999.468922853 -4.783611862 6.922950801 1.936025430 -0.477848185 -0.602944834 0.394501974 0.502480678
1551727999.548923016 -4.794311831 6.910128080 1.909078891 0.463075689 0.619292489 -0.399609867 -0.492290233
1551727999.628922939 -4.796210988 6.887718346 1.878683740 0.442394977 0.632361630 -0.413701138 -0.482966688
1551727999.708922863 -4.792742661 6.868262156 1.850699327 0.427650227 0.637908670 -0.421730549 -0.482007423
1551727999.788923025 -4.787641023 6.849252429 1.815297884 0.416555815 0.646365874 -0.421132677 -0.480977835
1551727999.868922949 -4.782004413 6.829004536 1.778083413 0.405931734 0.660934743 -0.421971561 -0.469387574
1551727999.948922873 -4.777563165 6.806263365 1.740074137 0.388886452 0.679320592 -0.424059591 -0.455482518
1551728000.108922958 -4.776019224 6.765185509 1.668069100 0.374979894 0.706633039 -0.422523221 -0.426068016
1551728000.188922882 -4.758463199 6.755171261 1.627497472 0.372160425 0.712362612 -0.423045624 -0.418411910
1551728000.268922806 -4.760784031 6.739979951 1.590827189 0.367208096 0.722746530 -0.426790995 -0.400805581
1551728000.348922968 -4.761978349 6.725696920 1.559776042 0.358712036 0.734502830 -0.422923807 -0.391109603
1551728000.428922892 -4.757531220 6.718281780 1.524501214 0.354182026 0.745318258 -0.414876493 -0.383318773
1551728000.508922815 -4.754101421 6.712509765 1.487987558 0.348698063 0.757047564 -0.407845434 -0.372760981
1551728000.588922977 -4.748962947 6.706367985 1.457647776 0.337105395 0.767368942 -0.408118769 -0.361861756
1551728000.668922901 -4.741703831 6.706026551 1.428402977 0.324895842 0.778594021 -0.412251936 -0.343922062
1551728000.748922825 -4.731154127 6.700075320 1.392221744 0.313070589 0.789231487 -0.412296231 -0.330321486
1551728000.828922987 -4.722027049 6.698970943 1.361860850 0.302994005 0.802679828 -0.409291933 -0.310451025
1551728000.908922911 -4.711796559 6.697969703 1.330243294 0.298932622 0.814252593 -0.406671413 -0.286793242
1551728001.148922920 -4.678659343 6.691841774 1.240591596 0.300647844 0.836242441 -0.392415544 -0.237317288
1551728001.628922939 -4.662907294 6.536539127 1.143091016 0.339544040 0.846065983 -0.364983869 -0.188862315
1551728001.868922949 -4.687964609 6.397909639 1.119610904 0.306149269 0.870633275 -0.331654058 -0.195642304
1551728001.948922873 -4.707019912 6.352990120 1.120278391 0.296053717 0.872134136 -0.324623017 -0.215300121
1551728002.268922806 -4.789603908 6.191414807 1.144902537 0.242218227 0.884223368 -0.308297201 -0.253834990
1551728002.348922968 -4.817951265 6.148535130 1.135866318 0.230046881 0.891224069 -0.295873454 -0.255454479
1551728002.508922815 -4.885277596 6.061355756 1.111164648 0.211005872 0.905406191 -0.280380943 -0.238961668
1551728002.588922977 -4.920781571 6.018139903 1.103341751 0.203477490 0.910747405 -0.279428540 -0.225955231
1551728002.668922901 -4.960345501 5.977533647 1.096680974 0.196041824 0.914773756 -0.273461374 -0.223551906
1551728002.828922987 -5.025620492 5.890799729 1.088218948 0.146275212 0.928810189 -0.248262528 -0.232982643
1551728002.988922834 -5.075503162 5.814511723 1.067296179 0.077318062 0.939002712 -0.224404346 -0.248874494
1551728003.068922997 -5.107755921 5.769659614 1.057041339 0.073013215 0.940484273 -0.221417837 -0.247249961
1551728003.228922844 -5.180409829 5.676152529 1.053227343 0.066519345 0.934420779 -0.230306634 -0.263423309
1551728003.388922930 -5.244259823 5.577397970 1.049162198 0.053001248 0.940590136 -0.215058118 -0.257353978
1551728003.468922853 -5.272233019 5.526198937 1.046732000 0.046601361 0.941198780 -0.219099890 -0.252919765
1551728003.548923016 -5.300522662 5.479882259 1.045781229 0.033281260 0.943058040 -0.219277888 -0.247893320
1551728003.708922863 -5.363736088 5.390580519 1.047923495 -0.007237553 0.943229920 -0.232270904 -0.237308161
1551728003.868922949 -5.434133576 5.292882841 1.048874079 -0.028752764 0.942417210 -0.254480429 -0.215087870
1551728004.028922796 -5.508416973 5.189577827 1.066158832 -0.066271271 0.937313709 -0.283563211 -0.191423705
1551728004.108922958 -5.541919135 5.135246262 1.073595874 -0.092202609 0.937395781 -0.287440610 -0.173682828
1551728004.188922882 -5.569763128 5.081461597 1.075311615 -0.119099005 0.937772934 -0.287283250 -0.154485226
1551728004.348922968 -5.602811660 4.973389165 1.071320988 -0.183416326 0.928688652 -0.300906486 -0.115547072
1551728004.428922892 -5.616625779 4.922599160 1.062760402 -0.208073320 0.922730766 -0.309831497 -0.096321702
1551728004.508922815 -5.626973484 4.867284224 1.056315543 -0.228355754 0.919409690 -0.311708505 -0.073329933
1551728004.588922977 -5.629670941 4.809712242 1.044722674 -0.252821940 0.914115510 -0.312280367 -0.054358743
1551728004.668922901 -5.620336829 4.745111095 1.038619541 -0.275313248 0.908869751 -0.310457310 -0.042126598
1551728004.828922987 -5.595092962 4.616883827 1.044606193 -0.307888891 0.894761732 -0.323426860 -0.000969538
1551728004.908922911 -5.580187237 4.562881159 1.041846571 -0.325915662 0.883254666 -0.335644416 0.031352880
1551728004.988922834 -5.562931458 4.505288663 1.034358844 -0.335857663 0.875327080 -0.342389582 0.061412601
1551728005.068922997 -5.544400732 4.453465547 1.030787712 -0.351221148 0.866602367 -0.342466785 0.091436011
1551728005.308923006 -5.475062930 4.307709921 1.027634858 -0.410916362 0.823582874 -0.349704254 0.174831140
1551728005.788923025 -5.317847630 4.025068329 1.108998649 -0.495720225 0.717629245 -0.387782007 0.298152378
1551728006.508922815 -5.057573806 3.700576775 1.417432373 -0.545904254 0.581048997 -0.504107525 0.332033450
1551728007.148922920 -4.860385525 3.507919793 1.649232888 -0.578986385 0.390454859 -0.449336806 0.557150073
1551728007.708922863 -4.650647402 3.444275722 1.650720647 -0.607976976 0.290077268 -0.286388387 0.681322880
1551728008.428922892 -4.391070943 3.416753075 1.435516104 -0.699329438 0.238688361 -0.203714831 0.642235525
1551728009.148922920 -4.133321854 3.236305665 1.216154889 -0.733192674 0.309582933 -0.153641129 0.585646065
1551728009.548923016 -3.875865346 3.111224578 1.141630792 -0.737835834 0.367780990 -0.191874913 0.532465439
1551728010.348922968 -3.470432189 2.785561717 1.339340998 -0.686450606 0.346768168 -0.252022599 0.587385744
1551728011.308923006 -3.061193968 2.532923481 1.596509264 -0.661891241 0.323910146 -0.257115058 0.625199208
1551728012.188922882 -2.643724082 2.239762116 1.561398931 -0.745699876 0.319385471 -0.174358081 0.558143239
1551728013.148922920 -2.239662941 2.071776839 1.275729418 -0.785771738 0.239826086 -0.149549553 0.550164662
1551728014.188922882 -1.831006505 1.832550077 1.050893071 -0.807700007 0.231273837 -0.195550451 0.505858807
1551728015.148922920 -1.431241988 1.483005383 1.167739954 -0.835012277 0.158095012 -0.120046593 0.513175682
1551728016.028922796 -1.036054769 1.133015931 1.326204966 -0.820610192 0.090800147 -0.088972114 0.557169820
1551728016.828922987 -0.729524010 0.716841371 1.384247787 -0.790653261 0.092533221 -0.143002297 0.588094692
1551728017.708922863 -0.373665954 0.403899518 1.207247057 -0.802569206 0.080799063 -0.105489415 0.581572149
1551728018.908922911 -0.003748970 0.296882785 0.872582979 -0.852320416 0.049283476 -0.089107439 0.513011611
1551728020.988922834 -0.207968942 0.469891800 0.965482776 -0.847628434 0.010646897 0.004251985 0.530466400
1551728023.068922997 -0.145386289 0.129840964 0.745149296 0.880806004 -0.056036689 0.031138353 -0.469117336
1551728025.148922920 -0.104276373 0.580656322 0.738423485 -0.851451194 0.011012269 -0.044351018 0.522439069
1551728026.668922901 -0.169205560 0.067002459 0.687341458 -0.858738581 0.021905240 0.003198761 0.511935521
